# Differential-oracle vectors: inputs + outputs of chrony 4.5's REAL regress.c
# (compiled from /tmp/chrony-src commit 120dfb8, gcc -O2). Section WREG ==
# RGR_WeightedRegression cases 'n x y w... | b0 b1 s2 sb0 sb1'; FBREG ==
# RGR_FindBestRegression 'n m min x y... w... | ok b0 b1 s2 sb0 sb1 best_start n_runs dof'.
# Used by regress.rs to differential-test the Rust port against the actual C.
WREG 40
14 -130.14464759189602 -0.29008023343791972 0.83683845865596729 -120.56312821463879 -0.29132565234702773 1.0730559502465371 -110.18796828219092 -0.29133675552406746 0.96917326302752116 -100.08155215749295 -0.29138915605556243 1.012132540263222 -90.939178076533693 -0.29194142849532551 0.76747660543578544 -80.086033588542747 -0.29273170023779987 1.1022473868545355 -70.909291262974023 -0.29306280453979827 0.97779809728776079 -60.93026918335115 -0.29299846168498345 0.56665082239346831 -50.222958539404907 -0.29372006748333979 0.58050846538999767 -40.997155618195777 -0.29357800407940932 1.2995914146081677 -30.224998777752496 -0.29427879028109949 1.1036144170081634 -20.211101714672868 -0.29444345714295306 0.55274160760294622 -10.152630647138045 -0.29452100458341024 1.1510094729674458 -0.8590569670013134 -0.29537169945217662 0.53852176542376895 | -0.29531017805032667 -3.6577341768805211e-05 7.5147770459016252e-08 0.00013274439973338963 1.8105939139271944e-06
7 -60.458406076376846 0.69950421804976137 1.0227041905271412 -50.880892549826854 0.69923536550428211 1.34097019869919 -40.741072619514846 0.69892408938206552 0.68209351749057701 -30.180580845420518 0.69788644438822267 1.4732980398157545 -20.849520628782606 0.69783501728744646 0.58575393982336366 -10.690374073729153 0.69694538036751374 1.1876003854764918 -0.1828005272050961 0.69609396121442446 1.1410658760635197 | 0.69640771871511375 -5.6045208581694732e-05 7.7465047044263213e-08 0.00019859449352348026 5.5335842359527345e-06
7 -60.604870965046878 0.25530310779647708 1.2735259405180703 -50.810290557999195 0.25611664353055363 1.2052903497436418 -40.105624416925238 0.25624616759694313 0.93449568592405574 -30.546402862482484 0.25695408198167979 0.88067265172107856 -20.820758553730641 0.25659203280385612 1.2111508805303035 -10.589515841050138 0.25678012818743923 1.0096574435523686 -0.91323184653900191 0.2576415440782846 1.0632459355952837 | 0.25747814116740381 3.0733210283522588e-05 1.1221618361170469e-07 0.00023306741428647144 6.5701376381949348e-06
9 -80.955034688392175 -0.13200755580600732 1.4589981957604752 -70.320689279464332 -0.13222570443353368 0.91242377131191421 -60.606699290235852 -0.13229005597066845 1.2102111583722952 -50.78029458084778 -0.13267650128180281 1.2861782051158004 -40.264425254668758 -0.13192565003528339 0.78410343320317433 -30.924299716928942 -0.13220776972450846 0.86138767998991062 -20.066559060126128 -0.13269466195216811 1.4447475058766359 -10.400087727331176 -0.13223188116277801 0.50641698998077511 -0.73776154399302218 -0.13315862650010515 1.3353161766984285 | -0.13253435153012227 -5.7062068175341374e-06 1.1691159883122781e-07 0.00020448367200460744 4.5542111555526139e-06
7 -60.457016728800824 0.099911790998374536 0.97407729532299447 -50.147099240383675 0.098668057180444538 1.0390880663138695 -40.936462807950683 0.098533073281917613 1.0721292900596953 -30.213430650678351 0.098614741840383616 0.86939342222645877 -20.810450627563629 0.09791758221169973 0.62739199802454337 -10.586427194270714 0.098075411995006093 1.4888451263841076 -0.87507523397909459 0.098021920210876884 1.2972992819384057 | 0.097607513901389276 -2.91504655953569e-05 1.6062317919767722e-07 0.00029732624242294141 8.1110751417215862e-06
3 -20.021371749213536 -0.018859488505029991 0.74337047821304647 -10.014638188399841 -0.019134951365657057 1.4575136078480386 -0.10522713661557914 -0.019660196635642644 0.99524752114599968 | -0.01963086934410796 -3.9765906525809635e-05 8.399749225315886e-09 8.6163274369734338e-05 6.0884409198662232e-06
13 -120.73318177221421 -0.15186080716529968 1.331971534486611 -110.30187112436253 -0.15293365494517805 0.79310754815103057 -100.99564515272745 -0.15355693892803327 1.3066297108674942 -90.998826627462563 -0.15444063509807868 1.1536903239074068 -80.256479526081165 -0.15457367114842185 0.52546146836352803 -70.450736141379551 -0.15486947965682948 0.84412490058520118 -60.548152228821181 -0.15544606779778522 0.92996526200047336 -50.655228752524039 -0.15634458726788716 0.80840452040647981 -40.180055386494494 -0.15665048399116718 1.4486097195090228 -30.930862727189076 -0.15751054148966781 0.98997737122947871 -20.352290125969006 -0.15856249896477351 0.59655103194298009 -10.333163389579196 -0.15879894544584888 0.91672124820406553 -0.99187691691741831 -0.15993751080270921 0.91500994178935924 | -0.15959891394272313 -6.2376418709367729e-05 9.094191722518511e-08 0.0001585241140658287 2.2993724814671882e-06
14 -130.21888274715255 0.29490498423550643 1.3307998036436204 -120.26523592812489 0.29613148870062339 0.92908290772332947 -110.60257618102712 0.29645744026571602 1.0786431657272568 -100.21027271144601 0.29626624000341006 1.383662977744426 -90.027006092618009 0.29675956716810908 1.3300296886686434 -80.88111286878582 0.29664117281060509 0.72696210950085749 -70.98249608600527 0.29690829680726361 1.1982424522904389 -60.794272945213272 0.29762391988424058 0.88502111287527585 -50.159272882847674 0.29760582994809848 0.80341387555288146 -40.073479226626304 0.29847632454919509 0.62650037902544842 -30.845916196119514 0.29898978575078783 1.0971009954829138 -20.661924468872702 0.29868941909651803 1.4696632639862766 -10.907334620767594 0.29890532623465138 1.3184487376918024 -0.97712647505807659 0.30000064232239004 1.2204382671408567 | 0.29959596730295879 3.2549518936382163e-05 1.2692926682751659e-07 0.00019000638783930825 2.5180169422932794e-06
11 -100.10588016830374 0.65732763759193058 1.3474382778239091 -90.630726011218584 0.65726618749466148 0.85466939901094385 -80.536653508033325 0.6563877579285976 0.75095833019507863 -70.697047222244549 0.65618909930608438 1.044430656805035 -60.25817165569331 0.65561559754172383 0.69079157090707843 -50.292830572829736 0.65529613713215007 0.96701251813826283 -40.782862977896883 0.65566690889257784 1.0255894117695219 -30.10098161284624 0.65490187618345808 0.53475107177575887 -20.256598647297789 0.65429452828473433 0.94410713090334908 -10.471517452162821 0.65385403184239321 0.74281382183902289 -0.82175431376018804 0.65410332080355638 1.3501924010818129 | 0.65371952272318679 -3.5588988387499625e-05 7.4045882503531053e-08 0.00015897920822253121 2.7537910940415494e-06
14 -130.11185208808939 -0.26646234750110614 1.4965087036698073 -120.88991390537296 -0.26660432783660937 1.0131838146951528 -110.53438077555001 -0.26699018115898099 1.2392337003571194 -100.19639865001223 -0.26693636212769323 0.83062676048810569 -90.627133314487011 -0.2667161770009574 0.68376513848475173 -80.946414640665083 -0.26631747040492332 0.54703704186314084 -70.906833830550056 -0.26668484542507709 1.1850862922490779 -60.651840880577538 -0.26676571497052148 0.93147637867717537 -50.269637529412172 -0.26652218773140612 0.92701059837774225 -40.587905949209201 -0.26633171428659014 0.73730972424948804 -30.667908287186265 -0.26650035427563379 1.0546067776052175 -20.5514143739695 -0.26686407891909603 0.8923157919928798 -10.605259290953564 -0.26658942287823595 1.4944725253133386 -0.87451019333765312 -0.26598689920836549 1.3599400700819289 | -0.26642516102038877 2.438052033207047e-06 6.4802896426218622e-08 0.00014174833437843358 1.8555489620381432e-06
3 -20.437162412795526 0.74602073841365701 0.94673264353588804 -10.975209936246303 0.74633410994901017 0.64219887483699434 -0.77753222583407644 0.7468049160478456 0.63457016103851283 | 0.74681764365464909 4.0467110044995439e-05 2.8136659879599265e-09 4.8639716492355212e-05 3.9672991202658823e-06
4 -30.722503780123397 -0.42126483324766018 0.57535379205430692 -20.144911719965439 -0.42204327920238482 0.83479047611846968 -10.648275363851218 -0.42230810472568475 0.87105862872921058 -0.57535191945198216 -0.42279712911562706 1.359333935108928 | -0.42288508117958296 -5.0473770270397822e-05 2.0515280331039635e-08 0.00014253239362088991 6.5864363835630699e-06
11 -100.90361462715865 0.17714545882088342 1.1146579047396621 -90.191298797316421 0.17667006666328947 1.094873000961712 -80.547553638009347 0.17759595093976002 1.4842457960880719 -70.417176038307332 0.17717061007750406 0.88495531688249951 -60.951636112841356 0.17751413428768151 1.4818714547548901 -50.032247576820978 0.17751917246804388 1.1514859463239291 -40.733907913884487 0.17762826411755803 0.66025639693629967 -30.032822101206211 0.17731959519069382 0.70945915536215609 -20.192015564857428 0.17749123957248403 1.1190013994118899 -10.373418416795344 0.1779140527457386 1.0117345033892193 -0.54250806552613728 0.17808656356056377 1.2155718928190931 | 0.17788499639481886 8.9415765352097332e-06 6.4340398835152946e-08 0.0001439780292469854 2.510580800463886e-06
14 -130.49882885749872 -0.27838927632669597 1.0299209964641542 -120.16569619934506 -0.27820378372144722 0.57394469219415034 -110.64789255226677 -0.27775538910680475 1.3326463608152206 -100.74798083124364 -0.27762080390385085 0.61558182569043107 -90.955630766149625 -0.27684043161809729 1.2279872484144023 -80.258826663259256 -0.27674909292340022 0.97410305867244273 -70.94285331629986 -0.27659108320894793 0.58269298197926545 -60.555300570944489 -0.27587687435605424 0.50758482395546178 -50.279016642781706 -0.27528784791007188 1.3246682354776507 -40.551787253701058 -0.27547984287485378 0.92570434642123367 -30.065609097853336 -0.27501261721129433 0.65809113195618529 -20.552587026023335 -0.27449093439658728 1.001424803088653 -10.756482384870049 -0.27432358509308108 0.9964298817269045 -0.39081134338454071 -0.27329097081560766 1.2533816605654227 | -0.27375530069609405 3.688755964493915e-05 4.3241419317064398e-08 0.00011287693667700532 1.4460890052102006e-06
7 -60.181136507999888 0.55608097755995378 1.4263186272433899 -50.2654866082542 0.55559499371427146 0.55997322972889729 -40.885548914199219 0.55529249493943045 1.0242188559951177 -30.516207266629468 0.55513136461791701 0.62099152074454755 -20.852960817276792 0.55423534269076036 1.049954127742625 -10.102909204965545 0.55391483448427625 0.92283433965616857 -0.89860447978364655 0.55336361441795334 1.0268709325950376 | 0.55345664270714834 -4.469892116263653e-05 3.7976326714794415e-08 0.00014381953999006013 3.9514063603509649e-06
18 -170.33923756216811 -0.47121928436721616 0.85270224483888502 -160.85041204041283 -0.47106524318094228 0.79759231444189593 -150.64944560512637 -0.47123028254184401 0.57544218127233737 -140.16918357130399 -0.47028537268562343 0.96311511889170298 -130.51831314101051 -0.46987728828551262 0.67474511903327172 -120.97186443200371 -0.46974571654837582 0.63000116539471085 -110.61100315268754 -0.46935919408783527 1.3553241525199833 -100.63795730476171 -0.46865329590619542 0.63730594586742784 -90.038999624480695 -0.46875435074496513 1.3892244639635853 -80.0112122469517 -0.46789795435656129 1.307816328103403 -70.767606283099397 -0.46761944962232549 1.2912437544051718 -60.017799243756734 -0.46724493788672178 1.2038815383011965 -50.761990114498509 -0.46724318810862137 1.3867265186714772 -40.107941423138577 -0.4667056454533145 1.102892928486773 -30.306190513246928 -0.46695579030447104 1.3177805945877972 -20.59893856152145 -0.46611888107854327 0.86661484366680552 -10.390148253368269 -0.46583267019751112 1.340770543008295 -0.0043205392733395298 -0.46561599084622368 0.66652227284904264 | -0.46543324574129236 3.5041318676740038e-05 6.7491093364445453e-08 0.00012097640104757669 1.1328019150818452e-06
13 -120.36556146911461 0.25926260732656498 0.78651180612199467 -110.72293498888098 0.25895032150563818 1.3275411676721829 -100.09431933335836 0.25943435576238749 0.60784448024492432 -90.211492852414707 0.25931382508872203 1.1006186892813867 -80.571082090400665 0.25832746149048263 0.88960331720666319 -70.88951622063459 0.25877288228748185 1.4442686339052817 -60.519606572113204 0.25805220344367785 0.90502705538533501 -50.14467172489006 0.25821312395665019 0.63964418952138358 -40.444594460895935 0.25783487567654922 0.733865587832776 -30.131437786479189 0.25823310059558979 0.70444198242579081 -20.145911908763324 0.25726769078608669 0.81514386506804259 -10.33160331965048 0.25708032522362689 0.63005899733685311 -0.71284117855039542 0.25705337744737394 0.98490630844892046 | 0.25708365644786962 -2.0181280411846706e-05 1.0346863715591704e-07 0.00016449016685379997 2.3863929753895383e-06
13 -120.39754400390585 -0.63161057796758724 0.62807625677097145 -110.2556282458731 -0.63147796099791376 0.96806393444574523 -100.71959223890829 -0.63154286989573705 0.91845776415255109 -90.809571641930503 -0.63149900250550084 1.0377234886218085 -80.09710049852697 -0.63123762843793696 1.4015091890537996 -70.431422589100094 -0.63088447913700674 0.56240479045821823 -60.452939910719756 -0.63126831309856213 0.97628241395328519 -50.800898699692581 -0.63061446674516952 0.99679687486468471 -40.351931772095867 -0.63085696956966097 1.2312238459801481 -30.820788337560515 -0.63050398172368416 1.4681794497323102 -20.034283926725379 -0.63079575796284493 1.2501286180807756 -10.3392298228401 -0.63008880441305348 1.158001359093709 -0.13297880268256312 -0.63013394923248811 0.92605979744010347 | -0.63019761723483747 1.2349579022028012e-05 3.9365042815781358e-08 0.00010916256481516062 1.4442762368009396e-06
18 -170.19052363157587 -0.88215454844004804 0.67430643095775589 -160.86939013926974 -0.88227533680430714 0.7446032664627491 -150.74525728746255 -0.88228433701149722 1.2950764232074765 -140.81334704301614 -0.88334119978696757 0.5660197033418215 -130.99751514426688 -0.88354490380583139 0.61994284016092382 -120.5328726715359 -0.88399534736252083 0.83526474079296653 -110.58137628330165 -0.88501584551893631 0.76129504716432683 -100.9272790872859 -0.88503035558876109 0.72051811135318189 -90.671299456601488 -0.88587418035954624 1.0416252480407602 -80.148823770003617 -0.88602626262913375 0.73900739072352195 -70.643537447910234 -0.88691457055864753 1.2287625881370352 -60.936565281730815 -0.88768312882802691 1.2980447216730315 -50.037711907676098 -0.88833575361265549 1.3100049216118284 -40.88650651614288 -0.88824944016395024 1.1646198238219649 -30.345931246091723 -0.88910266928970816 0.97048908586062133 -20.360777405212726 -0.890017201622325 1.0777477339234895 -10.54306017382298 -0.88967796441792513 0.70184198108728202 -0.66192875602676504 -0.89092686885644046 0.92464311049437853 | -0.89060763068010251 -5.2372224789992812e-05 9.5744756579580683e-08 0.00014602318756070317 1.3789939355546374e-06
19 -180.84454527121818 -0.47020748051422961 1.142379946925677 -170.06882373149759 -0.47148168413465458 0.69361030850750116 -160.97575214675945 -0.47201131359531162 0.64523599726781899 -150.80217739579035 -0.47240533877532431 1.4894197633382475 -140.42576803463112 -0.47297290647001083 1.4622779865471116 -130.65287726279325 -0.47326805904431007 1.304264891505126 -120.73594175664576 -0.47431375293033118 0.93506751335656324 -110.23581609102224 -0.47495296282266053 0.91066248574051722 -100.4514768760061 -0.47560146653442664 0.53764039638414507 -90.576263819014741 -0.47620043540515972 1.4894508116852141 -80.194116909966823 -0.47712620073143325 1.0076776667398422 -70.879790573571952 -0.47739074096334183 0.75222959916171306 -60.8649077811829 -0.47848353747040445 1.3843494662230484 -50.356762628089001 -0.4786923583111265 0.853387019718438 -40.938758534554168 -0.47999901934969041 1.0186494139948072 -30.398065521711775 -0.48024409494124437 0.80498042084257027 -20.345419877595695 -0.48072284297919082 0.65098518750844825 -10.334170881180015 -0.4819267470753511 0.61737192624989157 -0.62617797992667545 -0.48234248236284893 1.0554217100303265 | -0.48228114639951569 -6.5502130712462973e-05 6.1983603967247182e-08 0.00010582495787152791 1.0215230863764837e-06
12 -110.05593475574429 -0.53142666245723647 1.1336502460028681 -100.08744847962008 -0.53061372508002547 1.1583041395053089 -90.327295327217016 -0.52987217336821679 1.1169616922591308 -80.981220238409861 -0.52938626787327936 0.5096109743160967 -70.70207866527366 -0.52867700791550887 0.74766279817432668 -60.050299892271333 -0.52873186353727319 1.0559414748969025 -50.327274023370329 -0.52747833416059486 0.99830067194921257 -40.22912308560241 -0.52689971740544528 0.97486131659788844 -30.37923784522896 -0.52679075249513296 0.84465197354275767 -20.125143662579173 -0.52547707267671606 0.69848944809630786 -10.792402974011472 -0.52509434592263526 1.0725125086914091 -0.40502884836486996 -0.52420789398237799 1.0572865579629678 | -0.5244091490949051 6.2610936905949034e-05 7.0056597345138845e-08 0.00014924311219951557 2.3179769924560379e-06
13 -120.24591971440235 -0.91696370384155812 1.218550758021723 -110.26011536404643 -0.91731491870390169 0.58088991763599696 -100.95125715434187 -0.91731927719049267 1.0184607484319783 -90.49213530977714 -0.91692788836186212 1.4173875123034718 -80.129649310920442 -0.91643518510648181 1.4991075572126671 -70.602499680202826 -0.91652936177356492 1.2227737475902434 -60.229287498092845 -0.91656209987243553 1.4662972101212755 -50.53557010509676 -0.91656793876922227 1.3300654518442618 -40.598911840214711 -0.9166736353601006 0.67548842170020618 -30.269878913622371 -0.91639171879093861 1.1402495647846025 -20.141812023518682 -0.9163225756294231 0.65904108859002142 -10.364728131365727 -0.9156710286872749 0.73347798325060376 -0.83257222863774993 -0.91586352322606412 0.55320438924814264 | -0.91590110505542399 1.1718574785962211e-05 5.8098405002127894e-08 0.00011250297603245717 1.6581759187901307e-06
18 -170.35450486457532 0.49886299676976553 0.84142374608410009 -160.02055319927589 0.49726538743141402 1.3573877101715892 -150.67285544415219 0.4963661411638125 0.98642563683393436 -140.10619158331983 0.49594714355016634 1.3166023072367925 -130.15383940064274 0.49420377660816356 1.1616603809313071 -120.21648317342655 0.49382143246214472 1.217874950578274 -110.68125974535288 0.49300027307170707 1.3582674021888819 -100.41578358928798 0.49132356894104001 0.66115176300087097 -90.995031656175769 0.49117845094940638 0.90176911628114009 -80.193140371814494 0.49015953572903459 1.2951414504629559 -70.808274522072608 0.48924923309203078 0.67014085753787411 -60.610305605154274 0.48828636075354676 0.67615115206481335 -50.521420555674908 0.48699412396738562 0.62379851157698962 -40.259507411206798 0.48615434869334084 0.81761241260189077 -30.901002393112883 0.48515264302682842 0.65182840197247194 -20.845807233995668 0.48406643245502601 1.2050785846989436 -10.495292633087402 0.48283393236387395 0.52214535244275062 -0.013057522800915988 0.48174395861667263 1.1278823378725626 | 0.48207243288783735 -9.7053859744677693e-05 9.2043138359592972e-08 0.00013120250908227023 1.4103914244793132e-06
3 -20.863280123735851 0.98912894110627825 1.1911282650821307 -10.450437496925312 0.98853674689692395 1.3755332935191182 -0.26703293197929778 0.98726172770727927 1.0063848149854229 | 0.98733036760206672 -9.1369376295497812e-05 7.5383911179668622e-08 0.00024046778706460716 1.8241565778467899e-05
10 -90.074681401326558 0.16630015998018036 0.98555216966560544 -80.018093141142487 0.16688056996361222 0.87662435689060081 -70.630187158786981 0.167673573936791 1.3508097917956392 -60.286248065062566 0.16875341770548741 0.98406174483022435 -50.470947488121475 0.16933020209863453 0.65539091995020271 -40.186691066233642 0.16990464436903144 1.1400336458682614 -30.142627775194761 0.1708694333803536 0.61917107308094155 -20.121078825681749 0.17113299953168895 1.0270187684080636 -10.568140135252284 0.17189099506200886 1.1578906649120499 -0.10165739034000865 0.17244146918842554 0.75821916242982301 | 0.1726788001660598 6.9429759860101465e-05 4.7390450890421496e-08 0.00012694130912475153 2.4327834996928122e-06
4 -30.824632456594664 -0.65449611773791783 1.0554213467649869 -20.882119765878826 -0.65388716909467226 0.66290305669700511 -10.61860345776098 -0.65321467905807185 1.4417124763666549 -0.22933889639479277 -0.65262460324238858 1.3033931173083304 | -0.65259403164033558 6.1640752713241467e-05 5.4187453611100174e-10 2.2265305399811679e-05 1.0893388402665127e-06
4 -30.925425149403804 -0.1018672476123479 0.76263548235987844 -20.732325232711666 -0.10144432161168748 0.62525591884326404 -10.513923154430206 -0.10170836451282234 1.3352767167656778 -0.63028302354399168 -0.10115475059816566 1.0356823204486805 | -0.10121091243676712 1.8885618123186949e-05 5.1123007192761524e-08 0.00021418940750407811 1.0237158304273894e-05
17 -160.37479381754807 -0.4582573003900447 1.2700302509473538 -150.42231872505738 -0.45712843525351871 0.71213127288638811 -140.59801415092514 -0.45607121863216982 0.5304641335450051 -130.4062994442894 -0.45570373551146892 0.98517920534074577 -120.2592608791217 -0.45421716822299324 0.66383709924830847 -110.8025596801983 -0.45391621481721606 1.1568666445549916 -100.6784724994092 -0.45225270577827192 1.1979527670314352 -90.284414206574951 -0.45166485063455286 0.8383677693933197 -80.684226837427317 -0.45074316800987035 0.90001130443330735 -70.407268294157745 -0.44936021920508584 1.224661334288305 -60.657320568484401 -0.44853213507399387 1.2468542796951216 -50.69603836552016 -0.44821691014219073 0.77401479222368885 -40.971648561011023 -0.44682161257249442 0.58170321185980878 -30.936206217265035 -0.44625873135538152 1.3067121079911135 -20.47971695422056 -0.44563386328714855 1.421162374563842 -10.250758996068274 -0.44411806267087284 0.75006334896507332 -0.63928513351750338 -0.44388541632315531 0.65298733010771903 | -0.44340747797088004 9.1022163705148636e-05 8.5968026515946966e-08 0.00013466861352605814 1.4089276926580606e-06
18 -170.06652024627874 0.60523648194032376 0.94367160926869631 -160.41801425775432 0.60554459872584376 0.96018902968070463 -150.95779415442652 0.60515760424049481 0.93102719004796386 -140.53523799889243 0.60463117590509341 1.4193434709272135 -130.96626693575786 0.60345524661605754 1.3377910602906684 -120.05572472988162 0.60350102281177542 0.84187262560061205 -110.90078855673107 0.60330184691466637 0.9221208947625088 -100.5271806457438 0.60227582386129697 0.87306027075496417 -90.314188685754601 0.60160531207811163 0.52026626804524578 -80.624903959897722 0.60171574502773917 0.85256449902662679 -70.929660647149547 0.60100105207416576 0.90053474977662662 -60.123772067159962 0.60116139925494072 0.73955589046965386 -50.527850254816812 0.60011681010123952 1.3810426848919819 -40.708495324361145 0.6001258750475913 1.2821916888245271 -30.884986624588091 0.59926671222120709 0.84896206560926424 -20.277796339285945 0.59924403013731176 1.1539063142464756 -10.68338236020111 0.59806214900834398 1.3711760866310603 -0.40175476329173354 0.59769525584417438 1.2446235821127529 | 0.59792241546245717 -4.5679937436835285e-05 1.1755916668334461e-07 0.00016625248461229813 1.6522178209507702e-06
15 -140.45032445091238 0.98393221026319955 1.2522546347071692 -130.20591210587924 0.98469829929067831 0.68472485041746955 -120.28999753117574 0.98556386111046024 1.0335407357074211 -110.58334553800724 0.98678084040059388 1.3152252055307936 -100.44093213702749 0.98725414812616918 1.3967370054304937 -90.228674645626555 0.98892490844399805 0.88162307235850801 -80.221292675755578 0.98953706386847839 1.3768058782978128 -70.358264488464741 0.99038598180401449 0.83723355061837657 -60.322537600277073 0.99126049168529684 0.58467511989413434 -50.339377254521416 0.9924345804224195 1.438195635373634 -40.787925721279137 0.99326629325672222 1.1245196150563124 -30.340777645236312 0.99352117965691 1.077833686725346 -20.807203241081179 0.99485863001994546 1.4580535858117378 -10.106616639986271 0.99618753659410653 1.2171849280217919 -0.69245092874571279 0.99660180064507553 0.74160167969754553 | 0.9968189541146335 9.2036938448731428e-05 6.010831790190755e-08 0.00012079892933555891 1.460081022156227e-06
18 -170.07609394603267 -0.53708947347680991 0.86348619858013076 -160.73730516721329 -0.53725599195434437 1.0601402654516683 -150.86188349072376 -0.53750683644527386 0.55650130368462947 -140.57345997304319 -0.53735829994579976 1.2095067767638013 -130.55075123082355 -0.53778099457503081 1.334324265473277 -120.6631838421377 -0.53691566031417848 1.3018554839150436 -110.39312112962102 -0.53686275478068568 0.68262292560819615 -100.1251054907938 -0.53729469565097121 1.303396389315997 -90.780403707936088 -0.53711096216827603 0.75795404686368606 -80.340450357234019 -0.53671069867530019 1.0515852302026967 -70.429928531779467 -0.5372513358419817 0.80371586278808349 -60.938228141814456 -0.53749477801641998 0.55156544610672209 -50.710523869386684 -0.53719668882029881 0.82849277744790495 -40.832173295611923 -0.53701508752448046 1.1619704357659808 -30.504174261880561 -0.5373347476165482 1.235507614842446 -20.256553625163534 -0.53715336300871619 1.4865572347695291 -10.962976678102969 -0.53708788346601033 1.2000032445583075 -0.27952611541839345 -0.53670236204790633 1.463599141803285 | -0.53706929394689951 1.3888790269274628e-06 7.3316955913159423e-08 0.00013250516367140688 1.2864200211717859e-06
19 -180.26003353915547 0.51239557832246396 1.0760186066271604 -170.53598442798832 0.5123635684872333 1.0075896043908659 -160.79551052716053 0.5114743309774975 1.4849566438225938 -150.46418430783916 0.51162465296651305 1.3538515015914854 -140.94150439606531 0.51156824535673107 0.66831795514460635 -130.5571437366911 0.51097779385285735 1.2571419074140358 -120.18749552327165 0.51112398287019989 0.89756344288424461 -110.80893657742152 0.51052773183359645 1.3834545507063289 -100.4797133125528 0.51025721535243707 0.86278568482058626 -90.182202336683162 0.50995552698856716 0.88010647474046388 -80.898464184851775 0.51028304761231735 0.81683851540296282 -70.620189513847322 0.51025366109274073 1.2057937599669235 -60.568301330319557 0.51012497716391347 0.96241047548305936 -50.740081119219269 0.50942652766796437 1.3705300752080398 -40.651445639306509 0.50908348109046175 1.4261815009463272 -30.970441816343538 0.509386454435105 0.914351951400737 -20.423845166000216 0.5086500239828462 0.97478892306931797 -10.87115399011997 0.50837637160195215 0.77934439589172433 -0.16148505778864342 0.50822919714942982 1.0129550562609584 | 0.5083242972480686 -2.2181565688283593e-05 7.0563506977082843e-08 0.00011641835233263744 1.1164614376195591e-06
5 -40.212470246329751 0.10078833727188757 0.9558358060436174 -30.953642468369949 0.10204623377632152 0.89803151182357521 -20.6425015316848 0.10275374042175808 0.8790811156340046 -10.236869042775739 0.10349876487114203 1.2538978610747817 -0.78477006230441937 0.1041454168395943 1.3261539432294476 | 0.10435791162412734 8.2544555251663076e-05 5.4793353847890035e-08 0.00020273012320976783 7.7389776022318488e-06
13 -120.70123008559376 -0.67732849269537043 1.2868597705047653 -110.48028347428004 -0.67756337029293867 1.4535228843541099 -100.5562071110561 -0.6773676802645755 1.1298717866309258 -90.218815707333022 -0.67749825783026474 1.278445630448219 -80.397390019546961 -0.67746444408889095 0.95821729430970648 -70.302653578982188 -0.67778378676369166 1.1145818187646044 -60.851146039926611 -0.67780840169353562 1.112930548337524 -50.0398275718821 -0.67780589340514574 0.5477049035596222 -40.826179580690265 -0.67773104081975188 1.1253737936324824 -30.360353108663706 -0.67734956153257864 1.42614674685107 -20.438896865045091 -0.67724580702043902 1.499286773944275 -10.87907572465614 -0.67711211538028382 0.9364208845600378 -0.85249829370242713 -0.67751112681996128 0.56390344694222272 | -0.67749002030310956 7.2085536021434869e-07 5.6612667490320912e-08 0.00011733994068597583 1.770416113594127e-06
8 -70.338603092284586 0.34541014262612046 1.0367492235562623 -60.644869407721295 0.34588162878461215 0.79338857049139544 -50.302044323893668 0.34590779151270962 0.84937388137103209 -40.558284139939389 0.34567099509961585 0.9055306854124795 -30.443130896471828 0.34623492759187235 1.1571275508033603 -20.71389343893372 0.34612279101175664 1.3796865980044948 -10.353290820295518 0.34651035141885178 0.76475888302100392 -0.12573497620613039 0.34680913808654229 0.62118806846297281 | 0.34669801936212719 1.7205401375267467e-05 3.784147194953547e-08 0.00011805991162540603 2.8510072926569931e-06
17 -160.72259808133688 -0.64267042311063638 1.4750445429240147 -150.90950918145569 -0.64324093036205032 1.3555319150228471 -140.08768863587864 -0.64432766757430882 0.61369784815664119 -130.30981382300527 -0.64429004376718901 1.3836951590677251 -120.66671741099827 -0.64533531085534079 0.92994524851582083 -110.31494598806925 -0.64563349740037201 0.85631747450940854 -100.15656427146811 -0.64684460054908655 1.0411349462954269 -90.472450619597623 -0.64726263009363527 0.97743983053886152 -80.258161203767045 -0.64829859483988728 0.6630199388643192 -70.778700750756457 -0.64871894610462144 0.50419453229082545 -60.687320532229393 -0.64945446014818309 1.1146725631829546 -50.263615145496807 -0.64994022633825221 0.59096478038498634 -40.165657905833136 -0.65088858234287972 0.53476054057454114 -30.604369834087478 -0.65166490977753389 1.090870236981085 -20.700821634692172 -0.65182692708514844 1.463606968930788 -10.288420468093255 -0.65313267319734447 1.1342200616600486 -0.023135691410153481 -0.65355794522563915 1.2293229185641925 | -0.65356826741144136 -6.8229679515187188e-05 4.7576678624990764e-08 0.00010747844392219076 1.1862980961755057e-06
3 -20.419991600296402 0.96272280031971902 0.64455827250117637 -10.450203389747237 0.96416806094797414 1.1385026568696097 -0.91005400921211466 0.96486483325337247 1.4218825463381997 | 0.96512191884956711 0.00011423591159948473 7.0759488883870769e-08 0.00030084530318370362 1.9530444316968323e-05
13 -120.55176901686578 0.60758988927013224 1.1332757296218168 -110.42260117276031 0.60743671696788804 1.0404927090083631 -100.35512651136347 0.60680720506539398 0.58214040380386589 -90.370480306975637 0.60589451428947427 1.4090753612902214 -80.004766291696441 0.60545686736990811 0.50881742791305751 -70.527964615402894 0.60494676385661283 0.77907539746789611 -60.656782626846883 0.60367749195462783 1.4077245671053458 -50.088483623390054 0.6038028756045013 0.9611564024448227 -40.144092377483176 0.60242557109452244 0.95571244713130021 -30.291062944269523 0.60184308551160126 1.0984109317119293 -20.446927764722115 0.60220106385829764 0.52504829432444711 -10.545688394283856 0.60112767885612373 1.0501741237846138 -0.76849710214129796 0.60052020002426032 0.76554902043975914 | 0.60051063463994225 -6.1067582185287883e-05 1.0547660847928238e-07 0.00016946376205823185 2.4235175297656002e-06
14 -130.02390120709546 -0.16938747824229278 0.72555745069388078 -120.60474117873292 -0.16932861727287132 0.91857288136445336 -110.14763267505077 -0.17046669861148409 1.2892174492314934 -100.3838386577216 -0.17093678227911518 0.59317986153289193 -90.650137607249576 -0.17114628503302395 0.66822202138071352 -80.931456583573961 -0.1725306190743158 1.3219724123881278 -70.78108388977742 -0.17258437199233739 0.80919032588106199 -60.992073868235956 -0.17331495415110393 0.50462465017597979 -50.224092821311743 -0.17394871862136202 0.60630663930420259 -40.555402057140846 -0.17520117957531595 0.58455239885545918 -30.103657592066018 -0.17542432170698941 1.1979028987270861 -20.169399542466877 -0.17646914687970899 0.70261384014262085 -10.316091527503827 -0.17726419104766719 1.0690508395319367 -0.40593749252346889 -0.17777948996173135 1.4385703346781233 | -0.17765229803067539 -6.7378804822484107e-05 9.5729496190445745e-08 0.00016925752962551263 2.1968127125627884e-06
4 -30.963418804689219 -0.32113266838667448 0.77460065827093971 -20.643378516705933 -0.32172291524059893 0.5811214337155407 -10.651003532111186 -0.32175610279649947 1.1568240718960934 -0.49012182226757961 -0.32192898643367551 0.90193931874648059 | -0.32202831754090311 -2.3780874866078883e-05 4.0450224744312005e-08 0.00018498191596826656 9.0790681473326144e-06
FBREG 40
12 4 3 -150.10147746221529 -0.4176160350365079 -140.04182716654307 -0.41739599438204661 -130.89506586959769 -0.41812039315485094 -120.19346989838942 -0.41917427871253166 -110.41478828967955 -0.41879822139172446 -100.17566505189454 -0.41989630905749947 -90.084361527600777 -0.41975364387301461 -80.251605020045403 -0.4205266582382553 -70.208588478564792 -0.42097546466609881 -60.426287687086514 -0.42213569542535839 -50.242930035760246 -0.42267046742443209 -40.043653636180757 -0.4229620770021239 -30.220639288298408 -0.42338811419327171 -20.539226236921643 -0.42363989412859065 -10.052717364822893 -0.42478616329172941 -0.93206983619434769 -0.4250651212618648 1.2748685213613822 0.63303062189978354 1.3600303806572824 0.73947396772392138 1.0743949436612095 1.3012524892109885 0.98363135171106975 1.1034674552616912 1.3903839709377563 0.65885055284718463 0.55825846180012684 1.105862482959397 | 1 -0.42514289799455979 -5.561293003118494e-05 8.1139214653324709e-08 0.00014815005892774262 2.3211719362358548e-06 0 7 10
4 3 1 -60.500216238009166 0.58701063199067527 -50.400153481872813 0.58675054892817868 -40.974955753817618 0.58676931425966161 -30.496438087545457 0.58618839006434242 -20.741563774513089 0.58579364597665562 -10.526223736443406 0.58600287613595881 -0.98369044997286503 0.58574231792656339 0.50048247289448911 0.89713562994994578 1.2393691893365044 1.0232566424926803 | 1 0.58572771074423369 -1.3156696214794672e-05 2.8539635088313603e-08 0.00016420052357111499 7.3738616207848132e-06 0 3 2
15 2 1 -160.84470855255137 0.29763629878775266 -150.31696685266752 0.29859618056527398 -140.72779458159755 0.29938656690980603 -130.5434946685578 0.29982755217871565 -120.89749869795502 0.30065364453029614 -110.8622113978692 0.30126530935815221 -100.77824707397555 0.30223374896179422 -90.454935913721968 0.30345074977356085 -80.952890457278713 0.30341273449543721 -70.40423935319842 0.30464973481442292 -60.406398140110063 0.30581645089220999 -50.908562071972881 0.30586928418027926 -40.594585345812071 0.30704808228963576 -30.673771422660344 0.3081812752255309 -20.322991185486853 0.3089415360927919 -10.248113724234793 0.30926142692968567 -0.42021924571101343 0.3102808220865112 0.97706631868149618 0.98472273664752608 1.255000175097932 0.68745490324993486 0.56986273089576089 1.0239149044381262 0.69424768254053182 0.72045918850566304 1.2497676612519495 1.311416998590766 1.1816979730984607 0.82701939146869918 1.0865865792185332 0.55558931981064286 1.0480853423797383 | 1 0.31028025573432627 7.9612106625599418e-05 6.9364259897141204e-08 0.00013047635406914987 1.5778012605940281e-06 0 9 13
19 4 2 -220.38926019623801 -0.35662784246089141 -210.99995753576559 -0.3563730992872795 -200.99920391666154 -0.35592185723536029 -190.42878330647528 -0.35554641812617027 -180.76965252094658 -0.35493935673154342 -170.90811327711296 -0.35488537910632934 -160.46112734900794 -0.35441722387177077 -150.88288373423168 -0.35481261411365861 -140.77091573202884 -0.35409453103783178 -130.95301395329182 -0.35400791587645924 -120.64186237987187 -0.35339393631571697 -110.61408128565478 -0.35315098258921845 -100.11616573499997 -0.35347034279212114 -90.328716488900511 -0.35253741798579102 -80.28148472844974 -0.35289239056735722 -70.57072700079992 -0.35247233509557296 -60.083348447398258 -0.35208222560941344 -50.787725170829205 -0.35206113134602718 -40.85901077710426 -0.35201964180864681 -30.218626835511643 -0.35151739597688714 -20.562652861002825 -0.35081464522348649 -10.321967969593581 -0.35117850558263281 -0.072505449930662769 -0.35080614244647684 0.59664290624720961 1.0031208181663456 0.70068924046085979 1.0930598079484919 0.59132879451757347 0.55033436535075009 1.3285333439131066 0.83346349033672007 1.4095379662893008 1.1586036991495143 1.4680797290375935 0.68979454353551151 0.67072055528886065 1.3422974460152406 0.83614218346572855 0.56407516538421332 1.1371817683174885 0.75859846232981132 1.0407748215148551 | 1 -0.35079371079402072 2.3488368082194203e-05 4.7641675647942508e-08 9.6832048627730312e-05 8.8648189990609718e-07 0 14 17
12 10 3 -210.38663868425593 -0.36429021376085002 -200.08748853488203 -0.36476330638728172 -190.93490069399874 -0.36507505245280231 -180.42123776569488 -0.3646927937175567 -170.75328012278328 -0.36473532976503609 -160.18184871895642 -0.3643735542771025 -150.42585622578611 -0.36469260558863997 -140.40682683441747 -0.36489751370531331 -130.15776361588954 -0.36464093719480128 -120.71055801725826 -0.36482889031710325 -110.14486024208671 -0.3642073397971855 -100.69299686675471 -0.36390818199850244 -90.632222552649893 -0.36441282560067945 -80.835211885421174 -0.36422247411421554 -70.03070103872102 -0.36404954315434573 -60.536715104210963 -0.36462551747301397 -50.215049941466901 -0.36450392908537022 -40.275489328458043 -0.36390490573133816 -30.38172726894831 -0.36428754397541729 -20.220057184874104 -0.36375546763487215 -10.035098708166354 -0.36438409338498667 -0.96632131390109643 -0.36427290417613545 1.4743435036691066 1.1189174540351867 0.52391363559326332 0.52994450720461372 0.51407621952637839 0.91974407327795438 1.1916129960077728 1.271758257512082 1.2529739795457968 1.0468633388300428 0.58808676295160101 0.65670887136804901 | 1 -0.36423911890566907 -1.5912265457315345e-07 6.3733692535016491e-08 0.00013767850116970314 2.1159524731246667e-06 0 8 10
6 1 1 -60.110361749592805 -0.37762364592340802 -50.849849279296393 -0.37788916619646434 -40.876242460838391 -0.37839823319338073 -30.972261575152533 -0.37833871551219944 -20.511889522373874 -0.37885008272302084 -10.546477692467809 -0.38001870479800487 -0.50489129126119714 -0.37959245089185439 0.58381321514450568 1.0825054504085956 0.74253564778951775 0.94833225249577435 1.1661995014407083 1.2287629948263974 | 1 -0.37983143812290071 -3.9107853143113816e-05 1.1559069847903478e-07 0.00027550637009059236 8.07825566296249e-06 0 4 4
12 10 2 -210.49716382128588 -0.66849980591519675 -200.18492515909878 -0.66785851592423384 -190.83776062289616 -0.66810152376693421 -180.45475557177167 -0.66835189058695088 -170.62554867098996 -0.6678618892254834 -160.29417349272686 -0.66747619021886184 -150.89481868080071 -0.66814311816581207 -140.96259344346308 -0.6674744757687936 -130.28678685330701 -0.6673612143716402 -120.53673574043404 -0.66762147730584998 -110.97586033700708 -0.6670590149721729 -100.81447938929266 -0.66743737384541835 -90.517432149021246 -0.66659853772199762 -80.645500357123652 -0.66659595083253398 -70.689092860372313 -0.666943294922827 -60.697492376368288 -0.66716374348553564 -50.965361112609465 -0.66685423831822188 -40.19878395342635 -0.66670731076640499 -30.281960924929674 -0.66666786946708634 -20.718487012279464 -0.66666970724015873 -10.360029297663997 -0.66648739744391228 -0.90726062964877763 -0.66571962739476587 1.3600869030344134 0.79360930731181145 1.0327557582516067 0.76279870401405003 0.9161040298031099 0.84859383477746608 0.78420398834150384 0.62486387926311959 1.2976704844230484 0.89648348858233473 1.4331827790246301 0.50839193724486764 | 1 -0.66615157266893732 1.0205254567681584e-05 1.1594795953126324e-07 0.00017958853720794073 2.8550612908469507e-06 0 5 10
5 0 2 -40.630307228654118 0.021830981267027098 -30.997437937767653 0.021711441187045745 -20.478265568844115 0.02057527623208491 -10.16057326261171 0.020507731943265949 -0.31593106468200927 0.0197852261275452 0.65959555525262603 0.6768626158456934 1.3561391786358739 0.74480469517758696 0.69301087747198653 | 1 0.019840129892804714 -5.2288134030033625e-05 6.01462795887533e-08 0.00018676420342373366 7.2118056253169391e-06 0 5 3
8 0 2 -70.367353166660152 0.69305888220390743 -60.864865737303823 0.69348848153849063 -50.391392198766525 0.69355669979227563 -40.188747160294355 0.69370143820749464 -30.37964237805042 0.69407791869527713 -20.404292155514497 0.69367387618879928 -10.630981885270637 0.69442410305912139 -0.045620667429028816 0.69450854821981023 0.81537467597860092 1.0538888748898971 1.2069469360378526 1.2635867081168763 0.74954986908552756 1.2500939980845445 1.2868181713869413 1.1457453073599648 | 1 0.69448813939277854 1.8836765884582653e-05 4.0868453665547252e-08 0.0001354270511027128 3.0832725507765885e-06 0 6 6
6 1 1 -60.986705311366258 0.96222994708970155 -50.512171234048189 0.96355758850683271 -40.844671088327814 0.96444475778773797 -30.731051935130289 0.96470323853361217 -20.737727672874968 0.96566995861210703 -10.1443600049446 0.96716715125502695 -0.87598291397327155 0.96750613396460272 1.3162843529741575 1.4388832339383852 0.84896471935246254 1.188850632290821 0.76182613089603424 1.1261557647987128 | 1 0.96768951439675188 8.5198704948063851e-05 1.1579608523340153e-07 0.00024450060367185131 8.488526890416919e-06 0 4 4
8 0 1 -70.115624111663678 0.98083035929782725 -60.561470884630488 0.97961563556274311 -50.03714851058627 0.97860007737648713 -40.224623479691083 0.97802612803079103 -30.633044122861161 0.97654434796484602 -20.670975032007902 0.97603538672732815 -10.348644150072387 0.97473611999191589 -0.6504234733972869 0.9743227240826865 1.1903420075365436 1.3936672581486547 0.72551347319262538 1.1243980849035395 1.1235552440693568 0.70022585742715093 1.2340113902019327 1.4588799638802117 | 1 0.97397864018757208 -9.4753333248930315e-05 5.6345562475049746e-08 0.00016409867276735653 3.9500676442208033e-06 0 7 6
12 10 3 -210.11580437629976 0.56348974139574204 -200.36981061741608 0.56424384939590033 -190.10338054878144 0.5645156981113123 -180.50289770425985 0.5644682023620563 -170.50103908618968 0.5647304684514175 -160.06300143796616 0.5652457404237653 -150.85359704321368 0.56595602042111026 -140.96939565431606 0.5665102266854235 -130.48444926386941 0.56668101090025069 -120.57237663690208 0.56654766117143751 -110.48989755240143 0.56719541103513937 -100.52021126477985 0.56768917596052226 -90.767132389968609 0.56784960237858928 -80.63003878357695 0.56853987785016513 -70.755219765244377 0.56919720664459095 -60.786781606674147 0.56867239853923612 -50.322139640511189 0.56982998976392107 -40.288943248191778 0.56985795202807821 -30.590883597741591 0.56983039685054759 -20.218349660482524 0.57058589680586647 -10.728388048347405 0.57087643788821052 -0.96175472443617738 0.57090026110993264 1.0134141101302054 1.0235221238215972 1.3781832814996147 0.56259855738615017 1.4064154671890123 1.3254261967861798 0.82276088489591004 1.488264168352962 0.87191867267575673 0.676743040234281 1.3131114128135479 0.68634976572592621 | 1 0.57113790331503178 3.3780947964956294e-05 7.1429541699477479e-08 0.00013998266054230835 2.190026167847644e-06 0 7 10
17 14 1 -300.29308857916936 0.048489514539689443 -290.96784268877798 0.048365300380039139 -280.46628965265251 0.048901164021738046 -270.73492324197741 0.049777539324490784 -260.38723880687002 0.049691098838879622 -250.25114786429307 0.050695039578012788 -240.68497201661441 0.050953406055554283 -230.23124589713629 0.051586245370094555 -220.03079337967188 0.052110098637938473 -210.61778860908214 0.051903233103561243 -200.42025354024275 0.053081531833539128 -190.87828199905073 0.052932607317628506 -180.29792372226999 0.053282433215911695 -170.37833892870074 0.054716798596805762 -160.48534568933249 0.055097217952358363 -150.24280957995632 0.055392961668318724 -140.30698354970778 0.056000194825787913 -130.53008302542037 0.056313915774310941 -120.95196807393064 0.056861362566898832 -110.24952602061578 0.056813614494584594 -100.68133108574807 0.057283077123401818 -90.699518521424409 0.058354039395298436 -80.25567177766105 0.058993909505656653 -70.418185846451223 0.059041756138587496 -60.520376860401235 0.059296775647571416 -50.241570164803385 0.059720881075647519 -40.435655360276108 0.060257755759480329 -30.59525813912024 0.061122879794816967 -20.173008288592527 0.061292733498053899 -10.407242646794796 0.061479254613063986 -0.48946628425414784 0.062851761785232205 1.4534958985822621 0.59118321990687983 0.5013020677899509 0.54667199816007883 1.2391159964211822 0.50387068386492051 0.70189107269609707 0.81198207835719582 0.61809119688169978 0.72431151715457309 1.1472080436743206 1.3491016627535601 1.3982863810777764 1.0358205584459719 1.2233617287454301 0.87987257425076515 0.91966925013896206 | 1 0.062334854780328075 4.650408926713489e-05 8.8554115574173162e-08 0.00015743461277486161 1.6103997257225839e-06 1 7 14
10 0 1 -90.662247766923713 -0.96722521926964877 -80.951148694313943 -0.9680064908071353 -70.503627849496056 -0.96830635831972633 -60.075169800336077 -0.96917529340191055 -50.37807358605518 -0.96923716192879084 -40.578099759166868 -0.96953432946285056 -30.505744155105724 -0.97051791494213335 -20.582581762993197 -0.97078419675322791 -10.219942845011394 -0.97157314565052366 -0.0036653507146340303 -0.97140791605085286 1.337338537317871 0.65408322335141333 0.82851710735256612 1.4072462539492299 1.203165010755429 1.0312200279467953 1.1653592138431641 1.0401049960109918 1.0230766115209904 0.92130292755434162 | 1 -0.97171971625320763 -4.7228130904945692e-05 5.9071203396065653e-08 0.00014257316591896781 2.5981621651233655e-06 0 7 8
15 7 2 -210.36800805825129 0.44863384853305832 -200.59069320567147 0.44805850925746615 -190.80392514845542 0.44719604657977585 -180.53357429444426 0.44571241862644628 -170.06854823215133 0.44536723072356238 -160.02464750829188 0.44480991683582211 -150.54535034254167 0.44313672401806598 -140.57904063263808 0.44259189430670248 -130.37556785141308 0.44183827721084162 -120.2192030311419 0.44133242211219853 -110.45131355868887 0.44046914709104723 -100.96308640653757 0.43985701103789976 -90.566684804136045 0.43824117967813597 -80.202959208941991 0.43824626622478746 -70.303837064572207 0.43721253792584808 -60.611149297527966 0.43582954048319661 -50.645982659651743 0.43556642153585357 -40.540736118513067 0.43475780255897689 -30.852201728577807 0.43340493560711629 -20.452339733595988 0.43248708480984138 -10.614950059250345 0.43219484509618161 -0.90732438248464342 0.43165750740534164 1.0165194549386378 1.456820577296317 1.2016219706141382 0.67254067116090555 0.56880811012082177 0.81838616162893851 1.0287861410362524 1.2013665312322086 1.3484606324465278 1.4322752810490273 1.0422785451453578 1.1731733460325491 1.3771682138090757 0.512036954182709 1.2873046316728511 | 1 0.43126221604881332 -8.2335470516243524e-05 9.2764612600238588e-08 0.00015088909551936664 1.8148450687665707e-06 0 8 13
4 1 2 -40.653196418454876 0.84221055463105043 -30.403382969102857 0.84048372899157853 -20.335479213378129 0.83983217078390526 -10.449979877579082 0.83910071642910078 -0.8224815519426153 0.8381246557603288 0.76247483811123862 0.54651239945289987 1.2705684865801439 1.0728982003429857 | 1 0.83816519394422284 -7.8878857167853907e-05 1.4675590608880416e-08 0.00011915061893772328 5.7938333707240718e-06 0 3 2
10 2 3 -110.41892818885063 0.94307326520759605 -100.8226828677923 0.94290310805043986 -90.246689160042749 0.94285512157928142 -80.246012725886345 0.94308862687602013 -70.057140620522887 0.94272501045418355 -60.062107896194298 0.94351546137333464 -50.743336350675932 0.94324596634278679 -40.517489697949259 0.94318132514077646 -30.278721119644196 0.94326365502042586 -20.158710542792971 0.94325741215348857 -10.323295354122266 0.94268204581152681 -0.98596773036898755 0.94289932452858505 0.9095052544138339 0.64135231262371084 1.1462270536230403 1.332496849724385 0.56827266482395777 1.4166132933906808 1.1517872136715785 1.4361145618856845 1.1892091194738925 0.74494891636057603 | 1 0.94303975972713339 -5.5139299786846175e-07 6.9917773498629438e-08 0.00015850042272119559 2.8333038678643609e-06 0 5 8
14 7 1 -200.72783280270278 -0.94949439514453571 -190.92039224431252 -0.95102158662438596 -180.43272432386803 -0.9513681260895418 -170.72914103776012 -0.9516915571946245 -160.08104676652925 -0.95288701364951534 -150.37041153840985 -0.95372411620511455 -140.8728100422409 -0.95452104211111766 -130.59658059526171 -0.95491828361305497 -120.24983898564071 -0.95621919689372736 -110.8399693628139 -0.95655957495334831 -100.62414848936409 -0.95733090154354772 -90.184392540132905 -0.95833687774989962 -80.649835267154913 -0.95836971866731746 -70.033341326504427 -0.95957558390234743 -60.428363445404436 -0.96067215616424062 -50.489452870564136 -0.96091484024193519 -40.130136742193699 -0.9617785732555445 -30.303684766703263 -0.96280645103824836 -20.85929667951596 -0.96296637079024106 -10.072736900757123 -0.96453412681056172 -0.17328602429753315 -0.96432715680843062 0.68439340740422616 1.0709967008281378 0.9537047133230242 0.79447939696883252 1.4730206693206016 0.94328395871015813 0.96120212394128823 0.69684881766181572 0.57198212615739474 0.71930280322553597 1.4315578861884704 1.0485186244635587 1.3331206161560296 0.81930913672940697 | 1 -0.96471863628603383 -7.3376949232755289e-05 8.6014603565449466e-08 0.0001526236561072825 1.96443479131088e-06 0 11 12
16 10 3 -250.6442745400752 -0.65686230385317068 -240.5632146597423 -0.65562278657224016 -230.08469156853076 -0.65521935881305349 -220.0145545812363 -0.6546938572047214 -210.26378845087822 -0.65366061021471933 -200.55469463637414 -0.65314721824143274 -190.43594681078699 -0.65226433886036983 -180.89922464117009 -0.65205325090527888 -170.24193853909415 -0.65130336659418764 -160.63316879308667 -0.65079728242194301 -150.83026919201237 -0.65018005660004685 -140.66987314379767 -0.64874673950333306 -130.45462332678841 -0.64844455929250711 -120.29312577195036 -0.64799884366398175 -110.29143003383865 -0.64752387320055249 -100.2694397018701 -0.64636623788173742 -90.670255392874537 -0.64548046360125311 -80.81760561560283 -0.64486647281653864 -70.176920496828785 -0.64391358317551539 -60.455069277687855 -0.6433033574007132 -50.192880183685581 -0.64263348351173266 -40.888139407066227 -0.64237141627747063 -30.900600681499782 -0.64179635758223497 -20.987513911511613 -0.64053647064176777 -10.726760676020513 -0.64003710080715148 -0.65792963270449956 -0.63980845221437688 0.88923809551093513 1.4940211509808181 1.16091036818404 1.0104335307860479 0.83639300748700007 1.1913207197080218 0.51734034153985076 1.119281594469119 0.69935007408676797 1.2784460252238246 0.621655971814423 1.1927043849995331 0.67425292161265926 1.3760786614644192 1.2919844984506581 0.62158808816512756 | 1 -0.63939380851044869 6.9451954006957074e-05 9.0715893849082978e-08 0.00014346255640941276 1.6786805705966923e-06 0 7 14
5 3 1 -70.390733667971304 0.6388044270659472 -60.397431979109889 0.6378733970707795 -50.64049887384941 0.63727817258812047 -40.645099571904545 0.63613351864759282 -30.278884010258594 0.63527806661698438 -20.140486724590794 0.63352890735739253 -10.23434167645382 0.63345105141187574 -0.11299696504709189 0.63183707647970933 0.575077271015344 1.1395636898070722 1.0370585085663917 0.88001432320558137 0.96366202452293703 | 1 0.63197824794533175 -0.00010235202658722075 1.4964316746288104e-07 0.00030791326890105164 1.1414813773986069e-05 0 5 3
10 9 3 -180.78479457291718 0.1223558588314179 -170.89511214560193 0.12242887109076381 -160.42137751678098 0.12272101453170865 -150.26458932566331 0.12308756684481623 -140.91593107011036 0.12223345711836243 -130.61584602535717 0.12208158995105514 -120.54395152605012 0.12242069534628641 -110.51702216173942 0.12248836128647703 -100.73464599118574 0.12243527575601054 -90.939165550236652 0.12277597257415888 -80.617483155949401 0.12207411251605445 -70.536456516021929 0.1223645216371255 -60.676526758619808 0.12234338989323516 -50.166458972900436 0.12215882026468951 -40.119464255818961 0.12175830369681558 -30.168443242285132 0.1217411004675174 -20.889696262013711 0.12159778048334093 -10.905535813437156 0.12241776500977374 -0.1778635412348496 0.12226224395803369 1.2647033015232196 0.86340927988375227 1.352725538690255 0.50338517787253778 0.76691404785974859 0.8383086343255729 1.458243722153906 0.93830620799866671 1.4302510605623953 0.92048260528879799 | 1 0.12191454478367683 -4.8918377600955166e-06 1.0762048615036677e-07 0.00020693652619248833 3.8195821525628825e-06 0 5 8
18 11 1 -280.14883195368719 0.22150563346469165 -270.48879544301565 0.22158786072346054 -260.72397052303393 0.22079374903679377 -250.23096442539148 0.22064812837240799 -240.67213874647251 0.22103790144255345 -230.26176966682908 0.22080054665549809 -220.2506199242334 0.22014024529088139 -210.66463248383349 0.22034425942858904 -200.73176129197913 0.22000862436569504 -190.36050405625105 0.21993531336103658 -180.86919008568157 0.21952661990356351 -170.30002892041634 0.21876626285135148 -160.02641312980541 0.21915701578917957 -150.72314873584185 0.2185278475743509 -140.60677063949342 0.21816000926756537 -130.57250509158303 0.2176184460303775 -120.22544987836638 0.21837043814106524 -110.88433325135621 0.21718318245154017 -100.18871232011615 0.21766141076282242 -90.028983991108603 0.21712912184950506 -80.551237949287156 0.21724059784266433 -70.302134099867104 0.21698238939750578 -60.72281934940294 0.21643079207364152 -50.32567428240678 0.21668328842169116 -40.394922715081194 0.21559098323788559 -30.548720566711179 0.21633660248162895 -20.915262471268804 0.21578947974413673 -10.037735342968977 0.21579934750492569 -0.51911873230254668 0.21534546593364559 1.4900258916882665 0.52470225071800847 0.63539949117384065 0.56893859606335395 1.1972748704915384 0.67114925475876064 0.58193388611084351 0.73608922499339113 0.70753809913620624 1.0140405612340799 1.1775495417384609 0.67883764283169779 1.2321078639883649 0.71273349528024865 0.77411679470709793 0.70524761321272655 0.64334482133762283 0.78176401793026684 | 1 0.21534454182682636 -2.1228617090613642e-05 1.1413168082770487e-07 0.00015372685046134485 1.5206730702999325e-06 0 13 16
11 8 1 -180.69370145207617 0.23952002328970876 -170.38725119345497 0.23932281396957408 -160.93098851434942 0.23978696318226977 -150.19493517101125 0.23964067327948207 -140.48418996113401 0.23999177507407768 -130.24368011479828 0.24054316348476923 -120.66777382575019 0.24012305554764429 -110.80254385497571 0.24109377729919865 -100.01271784450516 0.2410438591289496 -90.531229375667067 0.24096096655850577 -80.706735170330091 0.24123452101541495 -70.45988788136377 0.24158774206136957 -60.085240990174604 0.24201238246544571 -50.693556009348221 0.24228194448749088 -40.256027545622544 0.24238399695298793 -30.653421054245328 0.24245724535117244 -20.893548361427278 0.24231799764602699 -10.110429531495798 0.24345427271517456 -0.43715421404226962 0.24325079587342374 0.83202982866698227 1.0449268287364317 1.1903232624644975 0.79997457272403394 0.52739285058272289 0.77537751642908925 1.013910644889582 1.2396778651114273 1.3366484315016534 0.89266186620769861 1.4459090533743062 | 1 0.24336374079558054 2.4475530458009595e-05 5.2304267063791711e-08 0.00014242467367521369 2.3180237133445167e-06 0 6 9
7 1 3 -70.189297686234198 -0.48423831749435808 -60.585397708685221 -0.48499050449051123 -50.38069947873263 -0.48532904799891563 -40.52255624246542 -0.48543834328716662 -30.183626030096306 -0.48639849214478809 -20.353267371420539 -0.48635117036812231 -10.247800723663589 -0.48707015329428038 -0.76216337331804973 -0.48744968100337421 0.67880017780431323 0.68513880060137289 1.3861029198323289 0.63605648050770869 0.59375467420911476 1.3857868577858397 0.83055798786435986 | 1 -0.48740454514340714 -4.0936615960884649e-05 3.9860970668097607e-08 0.00014264408726801932 3.7920473900936573e-06 0 5 5
4 2 2 -50.153405102509197 0.97098897989636723 -40.707021293078597 0.9708455829218241 -30.588008636267915 0.97089561002517755 -20.375832585934138 0.97149715757731447 -10.348781433147321 0.97102550416363009 -0.6903811567540965 0.97096261560071484 0.807682371391096 1.4159019583827264 0.9468917562521949 1.2796699784758174 | 1 0.97106633151777 4.905245499567269e-07 9.3585431183281746e-08 0.00027304771387323332 1.3422151801113441e-05 0 3 2
17 5 2 -210.82176660621249 -0.079413993966981788 -200.97692009579333 -0.079992870518897377 -190.01609118436411 -0.080485406578667776 -180.48931313137572 -0.080462081350451964 -170.58823238290961 -0.081547062211778237 -160.85449319357508 -0.081954758544189085 -150.10984842763202 -0.082009126036791252 -140.5091334982194 -0.083062971834729174 -130.42721560135905 -0.083907109953218054 -120.63597501270152 -0.083877191460727848 -110.61175665584905 -0.084840467631729255 -100.21128496872853 -0.08487934347382832 -90.75925662709966 -0.086106660508218288 -80.816143892070798 -0.086465575872866587 -70.398288292789331 -0.086826151106724231 -60.792406947622183 -0.086988548929207501 -50.159894937965113 -0.087704707678912572 -40.581452050911061 -0.088343862955894248 -30.345777594557994 -0.089185166537618585 -20.375195977917755 -0.089873722395617195 -10.182504930485068 -0.090646389945226183 -0.13278248135676374 -0.091172979469939311 0.53923177740516115 0.86372204282592546 0.58792797903354443 0.94119917437982292 1.1796333264164365 1.3235349836646351 0.96852991238720809 1.2759469656433255 0.73210143725946819 0.99060729028185679 0.61631619626020662 1.290308050453985 1.3864721463163241 0.6200822776274989 1.122398229436735 0.71734008050842402 1.1202922818366907 | 1 -0.090916804259944764 -5.6777234486606478e-05 8.4997078090283172e-08 0.00013597496796004387 1.3797529173962523e-06 0 9 15
17 9 2 -250.99421262695395 0.63768879600769324 -240.45198446992291 0.63880499424796167 -230.876020834164 0.63920223177812785 -220.8321278494256 0.6404440744649984 -210.97446539270192 0.64076038829786874 -200.36608972898875 0.64236285839427687 -190.74732966862859 0.64293925015232034 -180.508155596314 0.64406247627291469 -170.2439718626905 0.6449552296426575 -160.97249473076437 0.64559141805638565 -150.18988494181312 0.64582225016269701 -140.05883348317366 0.64739188619068255 -130.88302456560618 0.64821858452417935 -120.29161255514336 0.64889679692247992 -110.32263145984955 0.64933678469086875 -100.33996590418339 0.65003298244435337 -90.723935247991577 0.65095225357117681 -80.783743857392849 0.65190873769033297 -70.919244367615008 0.65302165088067965 -60.144927171796311 0.65344235345421198 -50.486627220016182 0.65456634383613166 -40.025062744974036 0.65528697013744208 -30.050657460187207 0.65667232315885271 -20.362669170294176 0.65760746432097383 -10.460034701511528 0.65797239399705021 -0.40221732242702568 0.65927679280901685 0.51984956719163744 1.3634063028661734 0.98334342236700401 0.71658999017648783 0.96042652530459405 1.1605036618725952 0.73852511109660979 0.82394637829005035 0.64236313502743803 0.81153128055077683 0.79485175492247195 1.3027169162446366 0.72186314731500345 0.87259405144628643 0.62055361157231848 0.62908387874791705 1.3432201754544981 | 1 0.65892334706592548 8.4457618130081701e-05 9.7640658047572068e-08 0.00014465553900790254 1.5293127591990328e-06 0 9 15
15 11 2 -250.19618644843982 -0.39441802699313538 -240.75826698249281 -0.39419366961829405 -230.29904326841222 -0.39299172380390973 -220.29501963928618 -0.39284520256575728 -210.32906689839157 -0.3912532571479953 -200.46814312368895 -0.39130696101585477 -190.75878957200763 -0.39046378832234413 -180.71514863371505 -0.3888937131143233 -170.70849001427564 -0.38902759116409974 -160.77836189845863 -0.38825426891692061 -150.90645656529841 -0.38675971287325606 -140.29707683120154 -0.38576880745389563 -130.73183966087211 -0.38502942204036505 -120.92707046858261 -0.38432075681771627 -110.24062872121554 -0.38422476925365856 -100.57132352145467 -0.3832992004625243 -90.907170995931338 -0.38273415034949182 -80.321546978429524 -0.3815057560460155 -70.309786174980573 -0.38038640310555277 -60.324605906849953 -0.37951432994873269 -50.070956466385887 -0.37950908429447633 -40.690590000767699 -0.37805788464486256 -30.984048119610208 -0.37754047465036833 -20.483401271769551 -0.37633015245200457 -10.871204230010839 -0.37611459679701759 -0.4700704050232587 -0.37551392492762503 1.4505817614488805 1.0705364821783401 0.74756752818733785 0.75060435917269641 1.197032823759022 1.1605420460589055 1.1682871167067308 1.4482814546441931 0.87988741630580258 1.2840265279099281 1.3871283596700807 0.90443626931346477 0.87793142938606605 1.0897249315480737 0.53509311888029509 | 1 -0.37523457493331508 7.7063763458613092e-05 1.2273274867232709e-07 0.00016063483211992816 1.9934956251285832e-06 0 6 13
6 3 3 -80.623238563910363 -0.50306363533339937 -70.541815369635913 -0.50218921415786921 -60.703802866038124 -0.5029497150486204 -50.835019345830247 -0.50315667031475686 -40.067646557274379 -0.50272484030873943 -30.750268035515319 -0.50280436431471398 -20.530779253071991 -0.50280442553359672 -10.752413374336388 -0.5027604668869472 -0.21414866388875065 -0.50359964275608748 1.231470562790201 1.1727283142855169 1.0961372913833878 0.52816081516537294 1.291689349489999 0.75192760178816753 | 1 -0.50321412438659485 -9.6165230567079137e-06 1.2600266269450448e-07 0.00025019159800181287 8.881043029818329e-06 0 3 4
7 5 3 -110.10593938478763 -0.90091376204577533 -100.87266019954569 -0.90167149107518962 -90.5534434215581 -0.90079388709822461 -80.730274900991546 -0.90164753373476902 -70.480171576231555 -0.90155821810295622 -60.567181576843311 -0.90153874977161985 -50.403029855894594 -0.90152532927567774 -40.956704625009301 -0.90172623095948534 -30.967954723893286 -0.90120369957068469 -20.207118393985262 -0.9020191616682004 -10.230886168414688 -0.90165440763326665 -0.55583947524630184 -0.90160201700079956 0.83722893272930909 1.4648294296856199 1.3347110044928188 0.74250361073224846 1.4600387586693737 1.1241338419316766 0.80711771666605137 | 1 -0.90163326192077531 -2.2243446667933027e-06 6.8591814397480001e-08 0.00017242101547480852 4.724902963419306e-06 0 4 5
9 5 2 -130.16939613011448 0.47661055056334151 -120.41957479308421 0.47695993286447808 -110.13870777356927 0.47749628621196177 -100.46561348582817 0.47786776622208066 -90.73220609012634 0.47899753898540104 -80.766156157161646 0.47992389610082531 -70.810425672261118 0.48046584776984302 -60.224570498375464 0.4806671263611566 -50.70568510406784 0.4816803143956358 -40.675352500976011 0.48212058122496226 -30.547095227170647 0.4824365409269652 -20.293413227930195 0.48390479773348977 -10.664505972347563 0.48415013164853887 -0.28744596467229022 0.48446863348146768 1.3071439258118993 0.6053409880764633 0.85937470844370711 0.5961040376309642 1.2614100604925891 1.294945923724879 1.3957973450188512 1.2861588172660869 0.50247625613167057 | 1 0.4845869385975986 5.9282330791723412e-05 6.440309510812701e-08 0.000150399098813443 3.1024382009806463e-06 0 6 7
12 4 3 -150.39426188711627 0.71610027477879401 -140.3553150196079 0.71553602340775191 -130.16790276074303 0.71443930114641896 -120.91984819419363 0.71386501301059779 -110.64844523840679 0.71295668816008795 -100.4296453001147 0.71255748193266699 -90.026786579923524 0.7122079568753642 -80.781624414398536 0.71183055628220804 -70.840118298143949 0.7104839142220627 -60.902618898905949 0.71051547745865162 -50.430629492686563 0.70931325536953727 -40.547610576794781 0.70897995985976725 -30.673408137487733 0.70823931302153642 -20.362643287643916 0.70683070251164193 -10.524305290369178 0.70641545719509879 -0.97525221055004163 0.70632970937498407 1.087896431524267 1.3335757382532498 1.3517013399227995 0.56151680515420599 0.92247461202572645 1.3210322700319517 1.449247280840853 0.97604529374564142 0.54695287715224616 1.0400766892779196 1.4829471024058067 1.304036682506756 | 1 0.70605658029290519 -6.6626394619337054e-05 1.2714692997365156e-07 0.00020401472466959544 3.1475292428559619e-06 0 8 10
19 16 1 -340.15279395097548 -0.35053210028143278 -330.5316349158777 -0.35007262342696316 -320.46250024585834 -0.35066529803140278 -310.33645548808221 -0.35049749995443236 -300.85529231553517 -0.35084569679810523 -290.82783685306418 -0.35074515627555874 -280.42270795449957 -0.35108871400748465 -270.94812704013464 -0.35061009234799945 -260.99844620791578 -0.35056928796949444 -250.59206313344123 -0.35089499071198405 -240.59615705800604 -0.35138101899487673 -230.36751735672888 -0.35127894366006168 -220.4402630154855 -0.35119117749011913 -210.09877273223168 -0.35125049475864434 -200.07032491984381 -0.35129923785797323 -190.62421213664607 -0.35150612468344872 -180.00002704543931 -0.3522103932478976 -170.39842344152993 -0.35144568378833602 -160.20267382600389 -0.3522088011861082 -150.7023807824032 -0.35222761592436269 -140.40327610148324 -0.35244311937499528 -130.61045566373411 -0.35187336790982732 -120.83093432981789 -0.3528132115982911 -110.21702822026928 -0.35217663583653536 -100.03309289434493 -0.35217867193103136 -90.214892593991607 -0.35216613434102939 -80.153128385768639 -0.35297703563176891 -70.358205628870763 -0.3525945954576083 -60.663253372938641 -0.35277538128552804 -50.80655912197993 -0.35283937078799954 -40.956348840527617 -0.35333782740011799 -30.49626820526953 -0.35307256970718059 -20.872004272959948 -0.35292271271343562 -10.108684754865116 -0.35372133097632658 -0.50009034774408323 -0.35382444975929056 0.8567514916621074 0.71715381992936056 1.3423366970353721 1.2714310505900439 0.9669987488933619 1.1572258465116492 1.4348106066372281 1.1782914142789884 0.75530120407002943 0.66501971453720798 1.2855136162827465 0.86573279804415415 0.88509416431705557 0.57222369326112532 1.1429257598083027 0.92960109238111166 1.0271998147333015 0.76247015907719562 0.67909234947485486 | 1 -0.3534791888842625 -9.7997684745074028e-06 1.1296097554246991e-07 0.00014169812125622099 1.3843412099290699e-06 0 11 17
16 11 3 -260.28170824179506 0.37579831028128963 -250.28904214641932 0.37585933687614459 -240.40643657035844 0.37502807488032364 -230.66620296531497 0.37444655868587468 -220.55708682394047 0.37357547621394233 -210.58918907139778 0.37264466658764095 -200.84170380852308 0.37221281381249871 -190.84365577459857 0.37094482302490533 -180.27088726583952 0.37086127748695691 -170.02326082652371 0.3692707538153015 -160.89727739106692 0.36915357641689966 -150.23062095000449 0.36870253434518874 -140.31535942570861 0.36715646731321805 -130.32075163090801 0.36694114934396116 -120.59206480026654 0.36584311730564806 -110.84428980910528 0.36517808633746646 -100.35899370345895 0.36437720839407034 -90.086168718039701 0.36384517469033828 -80.330831062518399 0.36341813209937285 -70.582134065514467 0.36248328870417906 -60.373303432409806 0.36190020591201477 -50.644057650524928 0.36118796928287583 -40.811807307646909 0.36032398379961444 -30.055319734263918 0.36018167227854242 -20.487131166322989 0.35920073233377625 -10.495871979254202 0.35844175433482328 -0.53298478373598424 0.35803173722696358 0.67753750183824402 0.94292378790341214 0.76005920472543576 0.93974139169533388 1.0704555754152065 1.2736215503374622 1.204129673533237 0.54378127160414025 0.53694060524538778 0.66509344795335645 0.56139626254484576 1.1010766662235902 0.69433330201067212 1.373326689490638 0.74666589169176256 0.88238416420079646 | 1 0.35776402219434156 -6.9121245464279427e-05 6.794346476450137e-08 0.00012654046914324109 1.4487261961210664e-06 0 9 14
15 1 2 -150.15159273561676 -0.50325672538923027 -140.18652496458805 -0.50305895972981052 -130.92361578460535 -0.50332844951605771 -120.06044266288835 -0.50270220751136485 -110.69536534725293 -0.50293073651288323 -100.5128184934234 -0.5018650579166819 -90.187098753460006 -0.50168256684152412 -80.239503909188372 -0.50150179182052901 -70.973747404106945 -0.50149689743611792 -60.627521098828829 -0.50102218313541225 -50.273098933258794 -0.50164805663375078 -40.017936618777284 -0.50088590685306389 -30.309662664864753 -0.50125407703473313 -20.836767088564823 -0.50035846724517397 -10.664511507387678 -0.50009602263742015 -0.019030878033852283 -0.50006994119367842 1.3213383309976634 1.3876484939268485 0.92694198332809175 1.0212309984071717 0.58328769069793118 1.2069441497543538 0.81863285848771628 0.63272406939505443 1.0592420213854352 1.4925484679267238 1.3625002949104998 0.91111754843324977 1.295626071416025 0.93131486938243857 1.3757388100818224 | 1 -0.50002775283879664 2.1736377253591901e-05 1.1290797370551402e-07 0.00017687616662308189 2.132813395442973e-06 0 8 13
15 2 3 -160.36424221767754 0.77773975487043945 -150.69851728289981 0.77922762807422441 -140.76230125619176 0.7794779108267772 -130.87681694539691 0.78078710144112573 -120.70278664652261 0.78152097322326708 -110.02040742650482 0.7819771386324722 -100.35563058543616 0.7825620193906947 -90.653309756733833 0.7835869802907991 -80.917444725676276 0.78429095405011817 -70.531691932364211 0.78588511288296126 -60.134541037462192 0.78642017082377869 -50.122171803705605 0.7869917174001092 -40.317765817187819 0.78751461793675182 -30.921348323924455 0.78840971378111779 -20.922745819820499 0.78999807775884578 -10.599830092555623 0.79038857339028001 -0.35164950534185035 0.79090117176938779 0.8526992093803174 1.294664843455271 1.3736068422473182 0.76495480834652607 1.2158258318307145 1.0889136969574111 1.3380157637468439 1.125223635342677 1.0912595489410619 1.3262199402334698 0.80736570446631972 0.86656349758841222 1.1860193549285645 1.3468588055385995 0.64401524897852813 | 1 0.79110566819740258 8.1623123113593079e-05 9.2661489156996536e-08 0.00014285003457107642 1.7516981755363077e-06 0 7 13
14 13 2 -260.32301108099801 -0.65336006462161955 -250.50799255767319 -0.65290944029450171 -240.28843768305853 -0.65321513021695188 -230.69499436050506 -0.65188196256315811 -220.28689836518922 -0.65193318330927386 -210.46650640385153 -0.65126942521818076 -200.75450716693001 -0.65088084982221905 -190.38775253821703 -0.65077299126459531 -180.15248704509622 -0.65045596109355142 -170.09877857307663 -0.6501182209678894 -160.62077299084964 -0.6493664475929436 -150.57446718200413 -0.64944825018088348 -140.10180683417283 -0.64825717190561172 -130.3018906556315 -0.64802299306109501 -120.30365777197763 -0.648057117740796 -110.70885708916589 -0.64795347707617168 -100.07625230918974 -0.64690948360730227 -90.831561574310285 -0.64682257458135217 -80.451891447146068 -0.64650806810611594 -70.345820847746623 -0.6458303212916483 -60.027900857946783 -0.6454971744970075 -50.271017581976395 -0.64481437508186767 -40.045782428398503 -0.64448199413912588 -30.25741051914255 -0.64465231321027427 -20.288689272215127 -0.64347536048271192 -10.494942644317812 -0.64355245768203184 -0.25690392510222904 -0.64319148645440505 0.89168538447182855 0.83452324758071073 1.0835592722676537 0.56555294578131377 1.4115640350461753 0.66496784568766132 0.63437974706691813 0.74032549743975751 1.4033630912647608 0.82810544841035472 1.1171856226219816 1.211593442765619 1.4706638012127939 1.1149227561477839 | 1 -0.64304513747692549 4.04797952934989e-05 6.0754218058144245e-08 0.0001381404669587475 1.7244046457134389e-06 0 10 12
13 4 2 -160.56178976051504 0.23433809988440599 -150.57156152641255 0.23409436315878288 -140.40879270406754 0.23402451265115093 -130.1003346551054 0.23357843738721959 -120.44266846021048 0.23343683138625954 -110.50966907136218 0.23339515625995449 -100.73643930139559 0.23313731511425842 -90.259796518435181 0.2329183343540038 -80.651298099416593 0.23287116350877238 -70.731327704726013 0.23290414856548933 -60.341027652015775 0.23224413077587155 -50.021473212732545 0.23211668721283304 -40.524203780095974 0.23264217170097432 -30.345559353893218 0.23238049691641249 -20.096046649122322 0.2312679725197288 -10.125644161382963 0.23123154410288418 -0.0016439217429405906 0.23112265015891897 0.84998230122989438 1.3700826470800234 1.4492867869224675 0.87554582991889429 0.99927732768662458 0.7055326380921666 1.1219483111846746 1.0630737559314589 0.93080870622962097 0.70874441287466883 1.3672313695923588 1.488236591698787 0.78673408423466806 | 1 0.23135874726213088 -1.8498586875510694e-05 9.8706933677119151e-08 0.0001650489604031505 2.3489682873682778e-06 0 5 11
8 3 2 -100.01712630617085 0.083790061771900043 -90.71319921697814 0.083320994706274562 -80.862623687280234 0.082277622062752132 -70.840210353906556 0.082358574171684629 -60.158059521987155 0.081260104136932243 -50.427685119298545 0.081588885788539456 -40.654441855093083 0.080897968519801397 -30.09330180977074 0.080790327918900826 -20.815222051750016 0.079462493958657079 -10.283743549955135 0.079352258298933956 -0.93917611524107047 0.079206083503077715 1.2171205599822548 1.3731557542663073 0.52341132682993829 1.4499251102904704 0.69592113566224256 0.84710927632472166 0.54107735472867369 1.4302049505041217 | 1 0.078942732381664618 -4.8133022536290286e-05 1.2670051826721361e-07 0.00023625898121180128 5.9340100119855358e-06 0 7 6
18 2 1 -190.00775120832768 0.26171782106175806 -180.28083621690647 0.26256376435112089 -170.95264528768809 0.26268685251625079 -160.15642437757541 0.26311148360935427 -150.84180558934696 0.26321181224661733 -140.88842380015478 0.26408222446940649 -130.19724875095764 0.2639326500772155 -120.76885864449234 0.2649059825856861 -110.02561583349491 0.26444242168307985 -100.37732597065771 0.26561648733227078 -90.889044939537484 0.26561368666667029 -80.425618426293184 0.26552663558459089 -70.25834163309618 0.26679700320285005 -60.878281275780367 0.26631901365659216 -50.982069275593595 0.26683967814235526 -40.747730600854723 0.26769493891259016 -30.5476928414352 0.26758164814769519 -20.208790857364409 0.26801380466812974 -10.993174999441248 0.26826910214383182 -0.33118864089199873 0.26875328521492742 1.3452269580510208 0.56968349733888057 0.70200859465263177 0.75907486106135902 1.3766432971301632 0.68592061846647767 1.0632202627269414 0.8672245811619036 0.88437224680314164 1.3125335746828648 1.2091715766141371 0.69205391442683473 1.1848092831344346 0.84615183844747921 1.4724187639488988 1.3210506823863932 1.2841158274227742 0.55521508501235428 | 1 0.26877194364718787 3.5157812451728102e-05 8.433008042787655e-08 0.00013231858989272357 1.2799761691527826e-06 0 11 16
